2003650
2005650
2007660
2009650
2013660
2015650
2017660
2019651
2023680
2025653
2027653
2029650
2031650
2031650
2033650
2035650
2037653
2039650
2041650
2043650
2045653
2049653
2051660
2055690
2057650
2057650
2059653
2061650
2063650
2065651
2067650
2071650
2073650
2075650
2075650
2077653
2081660
2083650
2085653
2087650
2093650
2097653
2103650
2105652
2107650
2109653
2113670
2115650
2117651
2119650
2123652
2125650
2127650
2129660
2131650
2133650
2137650
2139650
2143653
2145660
2147680
2149650
2149650
2151650
2153660
2155650
2157660
2159650
2161653
2163653
2165652
2167670
2169653
2171690
2173650
2177653
2179650
2181650
2183650
2185670
2187680
2189650
2193650
2195651
2197670
2199650
2201650
2203653
2205670
2207653
2215650
2219650
2221650
2223650
2225650
2227660
2229653
2231653
2239650
2241650
2243651
2253660
2255653
2257660
2261650
2265651
2265651
2267653
2271650
2271650
2277650
2279650
2281651
2283670
2285653
2287660
2289650
2291653
2293650
2295650
2297650
2301650
2301650
2305651
2307650
2307650
2309650
2313680
2315650
2321650
2325660
2327650
2329650
2335650
2335650
2337650
2337650
2339651
2341650
2343650
2349653
2353670
2355653
2359650
2365651
2367650
2373690
2375650
2379653
2389650
2393650
2395670
2399670
2405680
2409670
2411660
2413660
2419660
2421651
2427660
2431660
2433650
2435680
2437680
2447651
2447651
2449650
2449650
2453653
2455650
2457670
2461651
2463651
2465680
2471651
2473660
2475653
2487651
2491670
2493651
2495653
2499660
2503650
2505651
2505651
2507651
2511650
2511650
2513680
2517650
2519650
2523653
2525651
2527670
2529680
2531651
2535652
2537670
2539660
2541670
2543653
2545651
2547670
2551650
2555653
2559650
2565650
2567653
2567653
2571650
2575653
2579680
2581651
2583650
2587650
2589650
2597670
2599650
2603650
2611670
2613650
2617653
2619653
2625653
2629651
2633670
2637651
2639690
2641650
2643651
2643651
2647650
2657651
2665650
2667653
2669660
2671660
2675680
2675680
2677650
2679660
2681650
2695652
2703653
2705653
2709650
2713651
2717652
2719650
2725650
2725650
2727653
2731670
2733650
2739651
2743650
2751650
2757652
2767650
2769660
2771670
2773651
2775653
2777670
2779670
2785650
2785650
2787660
2787660
2795690
2799653
2801653
2803670
2805660
2807650
2811650
2811650
2815650
2817670
2823650
2827650
2827650
2829660
2829660
2831680
2831680
2835650
2835650
2837680
2841680
2843670
2849650
2849650
2853660
2855690
2857650
2859650
2861650
2861650
2863680
2871650
2873653
2879660
2879660
2883650
2887670
2889660
2893660
2895650
2895650
2901651
2903653
2905650
2907653
2909653
2911680
2913650
2913650
2915650
2915650
2917650
2921652
2923650
2929650
2931650
2933652
2935650
2937653
2939650
2943650
2945660
2955670
2957680
2959660
2961650
2963670
2965650
2967680
2969650
2971660
2981651
2987670
2991650
2993690
2995660
2997651
2999650
3001670
3005653
3009670
3009670
3011651
3013653
3015650
3021690
3023652
3025650
3031650
3033660
3043652
3047652
3049660
3051650
3051650
3053650
3061660
3061660
3063660
3065652
3069660
3073680
3075653
3081660
3085650
3087661
3089650
3091650
3095670
3099680
3101650
3103670
3105660
3109650
3111650
3113650
3117652
3119660
3123653
3125660
3127690
3129670
3131650
3133652
3135660
3137650
3139650
3141652
3143650
3145650
3149653
3153670
3155690
3159650
3161650
3161650
3163690
3169650
3169650
3173650
3181650
3185650
3185650
3187680
3189650
3191650
3197670
3203680
3209651
3211670
3215650
3217660
3219650
3221650
3223650
3225690
3229650
3229650
3231650
3239650
3241660
3243680
3245680
3247652
3249650
3251653
3257660
3263650
3267660
3271650
3271650
3273652
3273652
3277650
3277650
3279650
3279650
3281670
3283690
3289650
3291670
3293653
3293653
3297650
3301660
3311680
3313650
3315650
3315650
3317650
3319650
3321660
3323670
3327650
3335650
3337650
3339680
3341680
3343650
3345650
3345650
3347653
3357650
3361650
3363660
3365650
3365650
3367653
3371650
3373660
3375670
3377650
3381650
3385670
3387660
3389690
3391652
3399653
3401650
3403653
3403653
3405653
3407653
3409650
3411650
3415660
3417653
3419660
3421653
3421653
3427670
3429653
3431650
3433650
3435690
3437650
3439680
3441650
3443650
3445670
3447650
3453650
3455650
3477660
3481660
3483651
3485680
3487650
3489670
3491650
3495650
3497650
3497650
3499660
3501650
3503650
3509661
3511650
3515660
3517653
3519670
3523650
3525650
3527670
3529653
3531650
3535650
3537650
3551650
3561650
mock1
mock2
mock5
mock6
mock7
